	F3D0	F3D1	F3D141	F3D142	F3D143	F3D144	F3D145	F3D146	F3D147	F3D148	F3D149	F3D150	F3D2	F3D3	F3D5	F3D6	F3D7	F3D8	F3D9	Mock
ASV1	208.784076772703	185.083875464684	218.176168338635	279	210.132596685083	283.7373351839	272.688493324857	197.577570655442	283.980418378069	210.128280961183	199.705006300836	171.526559520567	469.143859175828	425.320600858369	209.708155912217	343.585956006768	344.442458705659	139.768360160966	195.349114631873	0
ASV2	120.914519282033	163.973513011152	177.849767555664	282	161.490791896869	186.225537820958	208.658190294554	141.671377029465	227.466902282931	176.018237831177	177.919005613472	124.32797602833	211.770283941458	253.922746781116	177.179168031444	229.891539763113	279.215813701598	176.969064386318	158.721155638397	0
ASV3	156.21254665008	103.097118959108	164.924639099584	149	179.97467771639	206.021165857044	211.344776435686	148.024353577871	173.577228006495	142.689340727049	163.637071829534	219.300735494416	158.328926957577	198.150429184549	182.716017032427	193.781049069374	227.148930408882	175.906187122736	179.201304753029	0
ASV4	150.955393637818	31.4200743494424	235.237337900661	155	214.996777163904	238.280707841777	241.344988344988	238.871918220084	205.265163816983	205.962168823167	200.673272998052	249.807137019886	62.8470358130438	87.0592274678112	103.815918768424	133.358544839256	165.92743027349	68.0241448692153	75.2251630941286	0
ASV5	55.5756175582015	62.3492100371747	90.4758991925618	162	116.740331491713	68.1849410131853	124.030726848909	101.012327119663	85.5776100869233	105.454713493531	92.4694695841448	90.9436120947971	44.3206987252984	170.037553648069	98.9711758925647	155.882910321489	239.73652856756	270.502263581489	217.404659832246	0
ASV6	164.849298027368	19.6375464684015	161.822608270125	178	219.860957642726	244.146079111728	200.150667514304	165.177390258569	220.200878784984	212.992483056069	144.997937908122	115.118496322528	15.8186416672287	11.3358369098712	13.1500163773338	6.07800338409475	5.14947197400487	0	0	0
ASV7	101.76346188022	46.6391728624535	122.013212625398	146	141.06123388582	160.56453851492	162.538461538462	128.965423932652	160.861686885089	138.002464571781	126.842937335319	127.781530918006	43.750657584137	70.2821888412017	80.9764166393711	93.3152284263959	103.561603032765	67.4927062374245	77.9821062441752	0
ASV8	60.4572596410165	85.4233271375465	154.067531196477	75	68.0985267034991	27.1273421235253	49.7018436109345	41.9296452194829	13.1192090935142	121.598398028343	109.898270134036	60.4372105693272	153.341066972415	151.44678111588	121.810678021618	83.6619289340101	108.71107500677	137.111167002012	155.570363466915	0
ASV9	58.57970499378	48.1119888475836	68.761683386347	76	70.0441988950276	108.509368494101	104.776859504132	61.623872519543	51.8713344158945	48.9518176216882	67.0524687822202	85.1876872786707	84.9361300330478	127.868240343348	144.650180150671	83.304399323181	145.901705930138	98.8475855130785	83.4959925442684	0
ASV10	76.6042296072508	19.1466078066914	70.3126988010766	90	105.066298342541	98.9781401804303	106.567916931553	86.4004810583283	105.357340720222	104.933949476278	68.0207354794364	52.3789158267502	5.41539084103325	0	0	0	0	0	0	0
ASV11	16.5224808956815	53.5123141263941	5.1700513824321	85	37.9406077348066	11.7307425399028	8.05975842339479	2.5411906193626	27.0457541312446	4.16611213801602	18.8812005957154	33.3843639335331	42.3255547312336	38.5418454935622	29.7605633802817	136.933840947547	59.5050094773897	69.0870221327968	66.1666356011184	0
ASV12	34.9225164385996	0	33.6053339858087	61	51.5603130755064	51.3219986120749	49.2540792540793	33.0354780517138	52.0731684019486	46.0876155268022	34.1314010768702	41.44265867611	14.2510285290349	27.206008583691	0	35.7529610829103	34.3298131600325	29.2291247484909	24.4186393289842	0
ASV13	31.9184290030211	141.390334572491	18.6121849767556	11	8.75552486187845	7.33171408743928	5.82093663911846	15.2471437161756	12.9173751074601	13.5398644485521	10.1668003207698	10.3606646690275	48.5960072840089	20.8579399141631	58.1369145103177	18.9490693739425	21.1700514486867	22.851861167002	37.0218080149115	0
ASV14	28.1633197085481	0	49.6324932713482	51	37.9406077348066	79.9156835530881	51.9406653952108	21.6001202645821	59.3391918998949	65.6162661737523	41.1513346316875	16.6921819667665	2.42267484993593	10.4289699570815	22.1473960039306	0	0	2.12575452716298	0	0
ASV15	24.7837213435223	14.2372211895911	22.231220944458	27	15.5653775322284	30.793199167245	45.2242000423819	20.3295249549008	26.4402521730824	29.4231669747381	27.353534196357	26.4772541541814	26.7919336345856	44.4364806866953	25.6079266295447	13.2285956006768	10.871107500677	11.1602112676056	14.5724137931034	0
ASV16	22.1551448373911	47.6210501858736	3.10203082945926	5	0	3.66585704371964	2.23882178427633	0	7.87152545610851	14.0606284658041	0.968266697216176	2.8779624080632	53.5838672691711	150.086480686695	8.99737962659679	24.6695431472081	21.7422150013539	9.5658953722334	16.1478098788444	0
ASV17	1.87755464723654	14.2372211895911	24.2992414974309	18	23.3480662983425	63.7859125607217	43.4331426149608	29.2236921226699	28.8622600057312	34.1100431300062	33.163134379654	14.9654045219286	1.71012342348418	23.1251072961373	11.7658041270881	4.64788494077834	4.00514486867046	2.65719315895372	3.93849021435228	17.6510374562113
ASV18	14.2694153189977	6.87314126394052	40.8434059212136	32	57.3973296500921	11.7307425399028	5.37317228226319	46.3767288033674	14.5320469958926	23.9551447935921	60.274601901707	75.9782075728684	2.42267484993593	0	0	0	0	0	0	0
ASV19	13.1428825306558	19.6375464684015	19.1291901149988	0	8.75552486187845	28.5936849410132	13.8806950625132	8.25886951292844	24.2200783264877	24.4759088108441	30.0162676137015	9.20947970580223	3.70526741754907	47.1570815450644	5.53684900098264	8.58071065989848	17.1649065800162	49.95523138833	7.48313140726934	0
ASV20	18.7755464723654	63.3310873605948	7.75507707364815	6	0	0	3.58211485484213	26.6825015033073	0	13.2794824399261	0	11.5118496322528	39.6178593107169	0	36.68162463151	13.2285956006768	16.592743027349	14.8802816901408	17.32935694315	0
ASV21	24.0326994846277	31.4200743494424	0	8	0	0	2.6865861411316	12.705953096813	1.81650587448658	2.86420209488601	1.93653339443235	3.45355488967584	44.6057192958791	18.137339055794	35.9895185063872	22.5243654822335	7.43812618467371	27.6348088531187	16.5416589002796	0
ASV22	9.01226230673538	2.94563197026022	27.9182774651334	14	0	7.33171408743928	8.50752278025005	9.52946482260974	19.3760626611902	45.8272335181762	22.5122007102761	29.3552165622446	4.13279827342011	9.52210300429184	16.6105470029479	8.58071065989848	26.3195234226916	10.0973340040241	13.3908667287978	0
ASV23	25.9102541318642	44.1844795539033	0	0	0	0	2.23882178427633	21.6001202645821	6.86235552583819	1.82267406038201	1.69446672012831	3.45355488967584	26.2218924934242	4.98776824034335	33.9132001310187	35.7529610829103	25.1751963173572	18.0689134808853	19.2986020503262	0
ASV24	10.5143060245246	20.6194237918216	4.65304624418889	0	13.6197053406998	12.4639139486468	8.05975842339479	22.2354179194227	5.85318559556787	3.90573012939002	10.6509336693779	17.8433669299918	19.3813987994874	7.70836909871245	29.7605633802817	15.7313028764805	7.43812618467371	22.3204225352113	24.8124883504194	0
ASV25	15.7714590367869	53.5123141263941	17.5781747002691	0	3.89134438305709	6.59854267869535	4.02987921169739	20.3295249549008	3.02750979081097	5.46802218114603	7.26200022912132	0	14.6785593849059	3.17403433476395	31.1447756305273	6.43553299492386	4.00514486867046	24.4461770623742	35.0525629077353	0
ASV26	20.6531011196019	62.8401486988848	0	0	0	5.13219986120749	0	0	4.64218167924348	0	0	0	36.76765360491	8.1618025751073	20.7631837536849	11.4409475465313	0	0	20.8739981360671	0
ASV27	20.2775901901546	12.2734665427509	6.20406165891852	0	19.4567219152855	0	0	0	9.48619734454103	12.4983364140481	9.9247336464658	17.8433669299918	7.69555540567883	9.52210300429184	48.4474287585981	13.5861252115059	17.7370701326835	29.2291247484909	19.2986020503262	0
ASV28	9.01226230673538	11.7825278810409	27.9182774651334	7	20.4295580110497	6.59854267869535	7.61199406653952	13.9765484064943	8.67886140032477	10.6756623536661	31.4686676595257	40.8670661944974	5.13037027045255	4.08090128755365	0	7.15059221658206	0	4.25150905432596	5.5138863000932	0
ASV29	25.1592322729696	32.8928903345725	10.3401027648642	8	13.6197053406998	10.9975711311589	4.92540792540793	12.0706554419723	2.01833986054064	2.34343807763401	9.68266697216176	17.2677744483792	10.6882713967762	3.17403433476395	26.9921388797904	16.0888324873096	4.00514486867046	14.3488430583501	14.9662628145387	0
ASV30	0	0	0	0	0	0	0	0	0	0	0	0	0	0	0	0	0	0	0	303.483966585826
ASV31	24.408210414075	23.5650557620818	10.3401027648642	0	0	10.9975711311589	7.61199406653952	15.2471437161756	4.44034769318942	3.90573012939002	12.3454003895062	13.2386270770907	7.12551426451743	8.1618025751073	13.8421225024566	15.0162436548223	0	21.2575452716298	12.2093196644921	0
ASV32	12.0163497423138	45.1663568773234	0	0	0	0	0	0	0	0	0	0	24.51176906994	3.6274678111588	11.0736980019653	6.79306260575296	5.14947197400487	32.4177565392354	35.4464119291706	0
ASV33	1.87755464723654	7.36407992565056	13.9591387325667	0	12.6468692449355	12.4639139486468	8.50752278025005	10.800060132291	8.27519342821664	4.94725816389402	13.3136670867224	25.9016616725688	12.25588453497	7.2549356223176	21.4552898788077	8.93824027072758	5.14947197400487	11.1602112676056	12.2093196644921	0
ASV34	15.3959481073396	24.5469330855019	0	4	0	0	0	0	4.64218167924348	0	2.66273341734448	0	14.6785593849059	0	29.7605633802817	17.5189509306261	10.2989439480097	28.6976861167002	36.234109972041	0
ASV35	9.76328416563	14.7281598513011	12.9251284560803	11	13.6197053406998	0	0	17.7883343355382	8.27519342821664	12.4983364140481	20.5756673158437	15.5409970035413	5.70041141161395	3.17403433476395	7.61316737635113	9.65329949238579	6.29379907933929	2.65719315895372	5.5138863000932	0
ASV36	5.63266394170961	10.3097118959108	6.20406165891852	8	9.72836095764273	0	2.6865861411316	13.9765484064943	6.45868755373006	5.20764017252002	9.68266697216176	18.9945518932171	10.5457611114858	3.17403433476395	11.0736980019653	6.07800338409475	4.57730842133767	11.1602112676056	11.8154706430568	0
ASV37	0	0	0	0	0	0	1.3432930705658	0	0	0	0	0	0	0	0	0	0	0	0	216.936944219887
ASV38	10.5143060245246	33.8747676579926	0	0	0	0	0	0	0	0	0	0	10.9732919673568	5.89463519313305	21.4552898788077	17.161421319797	12.5875981586786	17.5374748490946	23.2370922646785	0
ASV39	1.87755464723654	33.8747676579926	3.61903596770247	0	0	0	0	6.98827420324714	2.01833986054064	3.90573012939002	7.50406690342536	8.63388722418959	7.41053483509813	4.5343347639485	33.9132001310187	8.22318104906937	3.43298131600325	8.50301810865191	10.2400745573159	0
ASV40	3.37959836502577	7.8550185873606	0	0	0	0	0	0	2.42200783264877	0	4.84133348608088	0	10.2607405409051	8.61523605150215	22.1473960039306	12.5135363790186	17.1649065800162	22.3204225352113	20.8739981360671	0
ASV41	0	0	0	0	0	0	0	0	0	0	0	0	0	0	0	0	0	0	0	193.022635408246
ASV42	11.6408388128665	20.6194237918216	0	0	0	0	0	0	2.22017384659471	0	1.69446672012831	0	20.2364605112295	2.7206008583691	6.22895512610547	15.0162436548223	6.29379907933929	6.90870221327968	8.66467847157502	0
ASV43	3.00408743557846	8.34595724907063	9.82309762662099	0	13.6197053406998	0	0	7.62357185808779	7.46785748400038	8.85298829328404	14.5240004582426	10.3606646690275	9.54818911445336	0	4.15263675073698	2.50270727580372	4.00514486867046	5.84582494969819	6.30158434296365	0
ASV44	15.3959481073396	22.5831784386617	0	0	0	0	0	0	0	0	0	0	18.5263370877453	4.5343347639485	6.9210612512283	7.86565143824027	4.57730842133767	21.2575452716298	8.66467847157502	0
ASV45	16.1469699662342	27.001626394052	7.75507707364815	0	0	0	0	12.705953096813	1.81650587448658	3.12458410351201	9.9247336464658	10.3606646690275	11.1158022526472	11.3358369098712	0	0	0	4.25150905432596	0	0
ASV46	6.75919673005154	16.6919144981413	14.4761438708099	0	0	2.93268563497571	0	8.89416716776909	5.04584965135161	5.72840418977203	6.0516668576011	8.05829474257695	6.27045255277534	4.5343347639485	11.0736980019653	7.50812182741117	4.00514486867046	10.0973340040241	8.66467847157502	0
ASV47	1.50204371778923	5.40032527881041	3.10203082945926	7	6.80985267034991	5.13219986120749	8.05975842339479	3.17648827420325	6.66052153978412	3.38496611213802	2.42066674304044	4.60473985290112	7.55304512038848	18.137339055794	3.46053062561415	7.50812182741117	14.8762523693474	10.6287726358149	10.2400745573159	0
ASV48	16.5224808956815	19.1466078066914	0	0	4.86418047882136	0	0	0	0	0	1.69446672012831	0	13.1109462467121	0	34.6053062561415	3.57529610829103	0	18.6003521126761	14.5724137931034	0
ASV49	0	0	0	0	0	0	0	0	0	0	0	0	0	0	0	0	0	0	0	179.926704392347
ASV50	0	0	8.78908735013457	8	0	16.1297709923664	5.82093663911846	22.2354179194227	15.743050912217	15.8833025261861	9.68266697216176	21.8725143012803	0	0	0	0	0	0	0	0
ASV51	4.50613115336769	10.3097118959108	0	0	0	0	0	0	3.63301174897316	0	0	0	5.8429216969043	0	14.5342286275794	10.368358714044	10.2989439480097	27.103370221328	37.8095060577819	0
ASV52	28.5388306379954	21.1103624535316	0	0	0	0	1.3432930705658	0	5.24768363740567	0	0	0	11.1158022526472	6.80150214592275	0	1.78764805414552	10.2989439480097	5.31438631790745	11.0277726001864	0
ASV53	47.6898880398081	12.764405204461	12.408123317837	8	0	6.59854267869535	0	0	0	0	0	0	8.40810683213057	0	0	6.43553299492386	0	10.0973340040241	3.93849021435228	0
ASV54	0	0	14.4761438708099	23	23.3480662983425	10.9975711311589	7.61199406653952	3.17648827420325	10.6972012608654	22.9136167590881	8.2302669263375	7.48270226096431	0	0	0	0	0	0	0	0
ASV55	0	0	0	0	2.91850828729282	0	2.23882178427633	0	0	0	0	0	0	0	0	0	0	0	0	162.845055241175
ASV56	0	0	0	0	0	1.46634281748786	1.79105742742106	0	0	0	0	0	0	0	0	0	0	0	0	154.304230665589
ASV57	16.1469699662342	17.1828531598513	0	0	0	0	0	10.800060132291	3.83484573502722	0	0	0	4.84534969987186	0	6.9210612512283	17.161421319797	0	9.03445674044266	16.1478098788444	0
ASV58	0	0	0	0	0	0	0	0	0	0	0	0	0	0	0	0	0	0	0	148.040959310159
ASV59	29.6653634263373	5.89126394052045	10.8571079031074	0	17.5110497237569	8.79805690492713	0	0	0	2.60382008626001	2.42066674304044	0	4.84534969987186	0	8.30527350147396	4.29035532994924	4.00514486867046	7.97157947686117	5.90773532152842	0
ASV60	0	16.6919144981413	2.06802055297284	0	4.86418047882136	0	4.02987921169739	6.98827420324714	0	2.34343807763401	2.90480009164853	6.90710977935167	10.4032508261955	4.08090128755365	8.30527350147396	4.29035532994924	0	14.8802816901408	10.2400745573159	0
ASV61	7.13470765949884	8.83689591078067	6.72106679716173	0	3.89134438305709	0	1.79105742742106	8.25886951292844	2.62384181870284	4.42649414664202	12.8295337381143	12.6630345954781	5.8429216969043	2.26716738197425	4.15263675073698	3.21776649746193	0	6.37726358148893	0	0
ASV62	8.26124044784077	0	7.23807193540494	26	7.78268876611418	14.6634281748786	2.23882178427633	1.2705953096813	5.04584965135161	15.8833025261861	6.0516668576011	9.20947970580223	0.570041141161395	5.89463519313305	0	0	0	0	0	0
ASV63	5.63266394170961	19.6375464684015	0	0	0	0	0	0	0	0	0	0	11.6858433938086	0	15.9184408778251	11.4409475465313	0	14.8802816901408	6.30158434296365	0
ASV64	0	0	21.1972106679716	0	0	17.5961138098543	13.432930705658	40.0237522549609	5.44951762345974	1.82267406038201	0	0	0	0	0	3.21776649746193	0	7.97157947686117	7.48313140726934	0
ASV65	16.5224808956815	23.0741171003717	0	0	0	0	0	0	0	0	0	0	7.69555540567883	3.17403433476395	16.6105470029479	12.8710659898477	9.15461684267533	0	0	0
ASV66	0	0	21.1972106679716	0	19.4567219152855	0	0	5.71767889356584	3.63301174897316	4.42649414664202	18.6391339214114	22.4481067828929	0.427530855871046	0	0	0	0	0	0	0
ASV67	46.9388661809135	0	2.58502569121605	4	0	4.39902845246357	6.26870099597372	0	4.44034769318942	7.81146025878004	2.66273341734448	3.45355488967584	0	0	0	0	0	0	0	0
ASV68	0	0	0	0	0	0	0	0	0	0	0	0	0	0	0	0	0	0	0	125.834815413635
ASV69	0	4.90938661710037	8.27208221189136	0	15.5653775322284	0	0	7.62357185808779	0	3.64534812076402	15.2502004811548	10.3606646690275	3.84777770283941	0	5.53684900098264	4.64788494077834	5.14947197400487	0	4.72618825722274	0
ASV70	0	0	14.4761438708099	0	15.5653775322284	0	0	5.71767889356584	5.04584965135161	5.46802218114603	16.9446672012831	27.6284391174067	0	0	0	0	0	0	0	0
ASV71	0	7.36407992565056	3.61903596770247	0	0	0	4.02987921169739	12.0706554419723	3.43117776291909	1.30191004313001	2.90480009164853	6.90710977935167	4.9878599851622	1.8137339055794	8.30527350147396	5.72047377326565	2.86081776333604	6.37726358148893	8.66467847157502	0
ASV72	0	7.36407992565056	12.408123317837	0	22.3752302025783	0	1.79105742742106	12.0706554419723	2.22017384659471	7.03031423290203	3.8730667888647	10.9362571506402	0	0	8.30527350147396	0	3.43298131600325	6.90870221327968	5.12003727865797	0
ASV73	13.8939043895504	17.1828531598513	0	0	0	0	0	0	1.41283790237845	0	3.8730667888647	0	12.3983948202603	6.80150214592275	0	0	0	0	0	0
ASV74	5.63266394170961	5.89126394052045	0	0	10.701197053407	0	4.02987921169739	10.1647624774504	4.44034769318942	2.60382008626001	0	0	5.41539084103325	0	8.99737962659679	3.57529610829103	0	7.97157947686117	10.2400745573159	0
ASV75	1.87755464723654	5.40032527881041	0	0	0	0	2.23882178427633	5.0823812387252	0	0	1.69446672012831	0	2.13765427935523	9.068669527897	7.61316737635113	9.65329949238579	7.43812618467371	17.0060362173038	16.1478098788444	0
ASV76	4.13062022392038	4.41844795539033	0	0	0	0	0	0	11.9082051771898	4.16611213801602	5.80960018329706	0	2.13765427935523	0	4.84474287585981	12.5135363790186	0	3.18863179074447	4.72618825722274	0
ASV77	0	0	0	0	0	0	0	0	0	0	0	0	0	0	0	0	0	0	0	108.753166262463
ASV78	0	0	0	0	0	0	7.61199406653952	15.2471437161756	0	9.11337030191004	0	0	4.41781884400081	0	33.2210940058958	12.1560067681895	0	0	0	0
ASV79	0	7.8550185873606	4.65304624418889	0	8.75552486187845	0	0	6.35297654840649	7.06418951189225	1.82267406038201	5.32546683468897	6.33151729773904	1.71012342348418	2.26716738197425	6.22895512610547	4.29035532994924	4.00514486867046	6.37726358148893	4.72618825722274	0
ASV80	8.63675137728807	6.87314126394052	0	0	6.80985267034991	5.86537126995142	2.6865861411316	5.71767889356584	2.42200783264877	3.64534812076402	5.32546683468897	5.18033233451376	3.56275713225872	0	6.9210612512283	4.64788494077834	0	3.18863179074447	3.15079217148183	0
ASV81	4.881642082815	0	0	0	0	0	0	0	2.01833986054064	5.20764017252002	3.8730667888647	0	3.84777770283941	0	13.8421225024566	5.72047377326565	5.72163552667208	8.50301810865191	14.1785647716682	0
ASV82	9.01226230673538	5.40032527881041	0	0	0	0	0	8.25886951292844	1.61467188843252	0	0	0	5.98543198219464	0	8.30527350147396	10.7258883248731	0	9.03445674044266	9.05852749301025	0
ASV83	2.25306557668385	5.40032527881041	4.65304624418889	6	10.701197053407	0	6.71646535282899	0	6.66052153978412	5.20764017252002	4.11513346316875	0	3.27773656167802	0	3.46053062561415	3.57529610829103	0	3.18863179074447	1.96924510717614	0
ASV84	8.63675137728807	1.47281598513011	7.23807193540494	0	2.91850828729282	0	0	1.90589296452195	1.61467188843252	3.38496611213802	0	1.15118496322528	4.27530855871046	7.2549356223176	6.9210612512283	3.21776649746193	9.72678039534254	3.72007042253521	5.5138863000932	0
ASV85	0	0	0	0	10.701197053407	0	0	0	6.45868755373006	1.82267406038201	0	14.9654045219286	0	0	0	0	0	19.6632293762575	21.2678471575023	0
ASV86	0	0.981877323420074	0	0	0	0	0	0	0.807335944216258	0	0	0	0.712551426451743	0	2.07631837536849	0	1.14432710533442	1.59431589537223	0	83.1306925357047
ASV87	0	0	0	0	0	0	0	0	0	0	0	0	0	0	0	0	0	0	0	93.949070331447
ASV88	1.87755464723654	0	6.72106679716173	4	9.72836095764273	0	4.92540792540793	7.62357185808779	0	7.81146025878004	7.26200022912132	13.8142195587033	1.28259256761314	0	6.9210612512283	0	0	0	1.96924510717614	0
ASV89	0	14.2372211895911	2.58502569121605	0	2.91850828729282	0	1.3432930705658	0	3.02750979081097	4.16611213801602	1.45240004582426	0	0.712551426451743	5.89463519313305	11.0736980019653	5.36294416243655	10.2989439480097	6.90870221327968	2.36309412861137	0
ASV90	8.63675137728807	0	5.1700513824321	6	0	0	0	6.98827420324714	2.62384181870284	3.90573012939002	13.7978004353305	12.6630345954781	0	0	0	0	0	0	0	0
ASV91	0	0	0	0	0	0	0	21.6001202645821	3.83484573502722	3.90573012939002	2.42066674304044	0	0	0	0	0	0	23.3832997987928	13.784715750233	0
ASV92	6.38368580060423	6.87314126394052	0	15	0	0	0	13.3412507516536	5.44951762345974	0	3.38893344025662	6.90710977935167	4.9878599851622	0	0	0	0	0	0	0
ASV93	0	19.1466078066914	0	0	0	0	0	0	0	0	0	0	10.1182302556148	0	0	0	3.43298131600325	17.5374748490946	0	0
ASV94	0	0	6.20406165891852	0	5.83701657458564	7.33171408743928	4.92540792540793	8.25886951292844	1.81650587448658	5.20764017252002	9.19853362355367	6.90710977935167	0	0	0	3.57529610829103	0	0	0	0
ASV95	0	0	0	0	0	0	0	0	0	0	0	0	0	0	0	0	0	0	0	80.2837510105093
ASV96	0	1.96375464684015	4.13604110594568	0	2.91850828729282	0	2.23882178427633	7.62357185808779	2.22017384659471	2.08305606900801	5.56753350899301	6.90710977935167	2.70769542051663	2.7206008583691	4.15263675073698	2.14517766497462	0	3.72007042253521	3.15079217148183	0
ASV97	13.8939043895504	16.6919144981413	0	0	0	0	0	0	0	0	0	0	7.12551426451743	0	9.68948575171962	0	0	0	0	0
ASV98	0	0	0	0	0	0	0	0	0	0	0	0	0	0	0	0	0	0	0	76.8674211802749
ASV99	0	0	9.82309762662099	7	5.83701657458564	4.39902845246357	0	9.52946482260974	5.6513516095138	3.38496611213802	0	5.7559248161264	3.27773656167802	0	0	0	0	0	0	0
ASV100	0	0	7.23807193540494	6	5.83701657458564	4.39902845246357	4.02987921169739	6.98827420324714	1.81650587448658	3.64534812076402	5.32546683468897	5.7559248161264	0	0	4.15263675073698	0	0	0	0	0
ASV101	0	0	0	0	0	0	0.895528713710532	0	0	0	0	0	0	0	0	0	0	0	0	62.063325249259
ASV102	6.00817487115692	11.2915892193309	0	0	0	0	0	0	0	0	0	0	4.13279827342011	4.5343347639485	0	0	6.29379907933929	4.7829476861167	3.93849021435228	0
ASV103	6.38368580060423	0	0	0	0	0	0	3.8117859290439	0	0	1.21033337152022	0	2.42267484993593	0	0	6.79306260575296	0	7.44014084507042	9.45237651444548	0
ASV104	1.12653278834192	2.94563197026022	0	0	0	0	0	0	0	0	0	0	3.84777770283941	0.9068669527897	0	5.72047377326565	2.86081776333604	12.7545271629779	6.30158434296365	0
ASV105	0	3.9275092936803	0	0	0	0	0	0	0	0	0	0	3.42024684696837	2.26716738197425	6.9210612512283	9.65329949238579	4.00514486867046	5.31438631790745	2.7569431500466	0
ASV106	0	0	0	0	0	0	0	10.1647624774504	0	3.38496611213802	0	0	2.70769542051663	0	0	5.72047377326565	0	0	11.0277726001864	0
ASV107	5.63266394170961	5.89126394052045	0	0	0	0	2.6865861411316	0	2.01833986054064	0	5.56753350899301	5.18033233451376	0	0	0	0	0	7.97157947686117	0	0
ASV108	0	0	0	10	0	7.33171408743928	7.16422970968426	6.98827420324714	2.01833986054064	3.12458410351201	0	4.60473985290112	0	0	0	0	1.14432710533442	5.84582494969819	0	0
ASV109	0	0	0	0	0	0	0	0	0	0	1.93653339443235	0	5.13037027045255	9.52210300429184	10.3815918768424	3.57529610829103	0	0	0	0
ASV110	0	0	0	0	0	0	0	0	0	0	0	6.90710977935167	0	0	13.1500163773338	9.29576988155668	0	0	11.8154706430568	0
ASV111	0	0	0	0	0	0	0	0	3.02750979081097	6.24916820702403	8.95646694924963	5.7559248161264	0	0	0	0	0	0	0	0
ASV112	3.00408743557846	2.45469330855019	0	0	0	0	0	0	2.42200783264877	1.56229205175601	2.42066674304044	4.60473985290112	1.42510285290349	0	3.46053062561415	2.14517766497462	0	4.25150905432596	2.7569431500466	0
ASV113	3.75510929447308	0	1.55101541472963	6	4.86418047882136	0	2.6865861411316	9.52946482260974	2.42200783264877	2.86420209488601	1.93653339443235	2.8779624080632	0.427530855871046	0	0	0	0	0	0	0
ASV114	2.25306557668385	10.8006505576208	5.1700513824321	0	0	0	0	0	0	0	4.35720013747279	0	2.42267484993593	0	0	1.43011844331641	0	3.72007042253521	0	0
ASV115	0	0	4.65304624418889	0	10.701197053407	0	0	0	0	2.08305606900801	6.29373353190514	6.33151729773904	1.14008228232279	4.98776824034335	0	0	0	0	0	0
ASV116	0	0	0	0	0	0	0	7.62357185808779	2.62384181870284	1.041528034504	7.98820025203345	12.6630345954781	0	0	0	0	0	0	0	0
ASV117	12.3918606717612	5.89126394052045	0	0	0	0	0	0	0	0	0	0	5.41539084103325	0	0	0	0	0	0	0
ASV118	0	0	5.1700513824321	0	0	0	0	5.71767889356584	1.61467188843252	2.34343807763401	7.26200022912132	9.20947970580223	0	0	0	0	0	0	0	0
ASV119	0	0	0	0	0	0	0	0	0	0	0	0	0	0	0	0	0	0	0	46.689841013204
ASV120	2.62857650613115	7.8550185873606	0	0	0	0	0	0	0	0	0	0	5.98543198219464	0	0	0	0	5.84582494969819	0	0
ASV121	0	0	0	0	0	0	0	0	3.43117776291909	0	0	0	8.40810683213057	0	0	0	0	0	0	0
ASV122	6.38368580060423	7.8550185873606	0	0	0	0	0	5.0823812387252	0	0	0	0	3.99028798812976	0	0	0	0	0	0	0
ASV123	3.37959836502577	2.94563197026022	0	0	0	0	0	0	0	0	0	0	4.56032912929116	0	0	0	0	4.7829476861167	4.33233923578751	0
ASV124	0	0	0	0	0	0	0	0	6.86235552583819	8.33222427603204	0	0	0	0	0	0	0	0	0	0
ASV125	1.12653278834192	3.43657063197026	2.58502569121605	0	0	0	0	0	0	0	2.42066674304044	0	0.997571997032441	0	5.53684900098264	0	0	8.50301810865191	3.54464119291706	0
ASV126	6.75919673005154	3.43657063197026	0	0	0	0	0	6.98827420324714	0	0	0	0	1.28259256761314	0	7.61316737635113	0	0	0	2.7569431500466	0
ASV127	0	0	5.68705652067531	0	0	0	0	0	1.81650587448658	0	6.29373353190514	8.05829474257695	0	0	0	0	0	0	0	0
ASV128	0	0	0	0	0	0	0	0	0	0	0	0	0	2.26716738197425	0	5.72047377326565	8.58245329000812	5.84582494969819	5.12003727865797	0
ASV129	0	0	6.72106679716173	0	0	0	0	0	0	0	4.84133348608088	0	1.56761313819384	0	0	0	0	7.44014084507042	0	0
ASV130	0	0	0	0	0	0	2.6865861411316	8.25886951292844	0	0	4.84133348608088	10.9362571506402	0	0	0	0	0	0	0	0
ASV131	2.62857650613115	0	0	0	0	0	0	0	0	0	0	0	5.8429216969043	0	5.53684900098264	0	0	0	0	0
ASV132	0	0	4.13604110594568	0	1.94567219152855	0	1.3432930705658	5.0823812387252	0	2.60382008626001	2.90480009164853	2.8779624080632	0.712551426451743	0	0	0	0	0	1.18154706430568	0
ASV133	0	0	2.58502569121605	0	0	0	0	0	0	2.60382008626001	3.8730667888647	0	0	0	0	0	0	5.31438631790745	5.90773532152842	0
ASV134	0	0	0	0	0	0	0	6.35297654840649	2.42200783264877	2.86420209488601	2.66273341734448	0	0	0	0	3.93282571912014	0	0	0	0
ASV135	6.00817487115692	0	0	0	0	0	0	0	0	0	0	0	1.99514399406488	0	0	0	0	5.31438631790745	5.5138863000932	0
ASV136	6.00817487115692	5.40032527881041	0	0	0	0	0	0	0	0	0	0	2.56518513522628	0	0	2.50270727580372	0	0	0	0
ASV137	0	0	0	3	7.78268876611418	0	6.26870099597372	0	2.8256758047569	2.34343807763401	0.968266697216176	0	0	0	0	0	0	0	0	0
ASV138	0	0	0	0	5.83701657458564	0	0	0	0	3.38496611213802	5.56753350899301	2.30236992645056	0.855061711742092	0	0	0	0	0	0	0
ASV139	2.62857650613115	2.94563197026022	0	0	0	0	0.895528713710532	0	0	1.30191004313001	0	0	1.71012342348418	0	1.38421225024566	1.78764805414552	0	2.65719315895372	2.36309412861137	0
ASV140	0	0	0	0	0	0	0	0	0	0	0	0	0	0	0	0	0	0	0	28.4694152519537
ASV141	6.38368580060423	3.43657063197026	0	0	0	2.93268563497571	0	0	1.21100391632439	0	0	0	0.855061711742092	0	0	0	0	0	2.36309412861137	0
ASV142	0	0	0	0	0	0	0	9.52946482260974	0	0	0	3.45355488967584	1.14008228232279	0	0	3.21776649746193	0	3.72007042253521	0	0
ASV143	0	0	0	0	0	0	0	0	0	0	0	0	0	0	0	0	0	0	0	25.6224737267583
ASV144	3.00408743557846	0	0	0	0	0	0	0	0	0	0	0	1.42510285290349	2.7206008583691	0	0	2.28865421066883	3.72007042253521	3.54464119291706	0
ASV145	6.00817487115692	0	0	0	0	0	0	0	0	0	0	0	0	0	0	0.715059221658206	3.43298131600325	2.12575452716298	5.90773532152842	0
ASV146	0	1.47281598513011	0	0	0	0	0	0	0	0	0	0	1.14008228232279	0	5.53684900098264	2.50270727580372	0	0	6.30158434296365	0
ASV147	0	0	0	0	3.89134438305709	0	0	0	0	1.82267406038201	3.14686676595257	0	2.42267484993593	0	0	0	0	0	0	0
ASV148	2.62857650613115	0	0	3	0	0	2.23882178427633	0	0.807335944216258	1.041528034504	1.45240004582426	3.45355488967584	0.712551426451743	0	0	0	0	0	0	0
ASV149	0	0	1.55101541472963	4	0	0	1.79105742742106	0	1.21100391632439	3.64534812076402	2.1786000687364	0	0	0	0	0	0	0	0	0
ASV150	0	0	0	0	0	0	0	0	0	2.08305606900801	3.38893344025662	0	1.42510285290349	0	0	0	1.71649065800162	1.59431589537223	0	0
ASV151	2.62857650613115	0	0	0	0	0	3.13435049798686	3.8117859290439	0	0	2.42066674304044	4.02914737128848	0	0	0	0	0	0	0	0
ASV152	0	4.41844795539033	0	0	0	0	1.3432930705658	0	0.807335944216258	0	1.45240004582426	0	1.28259256761314	0	2.07631837536849	1.07258883248731	0	0	0	0
ASV153	3.37959836502577	0	0	0	0	0	0	0	0	2.08305606900801	4.59926681177684	0	0	0	0	0	0	0	0	0
ASV154	0	0	0	0	0	0	0	0	3.83484573502722	0	0	0	0	0	0	6.07800338409475	0	0	0	0
ASV155	0	0	0	0	0	0	0	0	0	0	0	0	5.13037027045255	0	0	0	0	0	0	0
ASV156	0	0	0	0	0	0	0	12.0706554419723	0	0	0	0	2.28016456464558	0	0	0	0	0	0	0
ASV157	7.88572951839346	0	0	0	0	0	0	0	0	2.34343807763401	0.968266697216176	0	0	0	0	0	0	0	0	0
ASV158	0	0	0	0	0	0	0	0	2.22017384659471	1.30191004313001	0	0	0.997571997032441	0	0	0	0	1.59431589537223	3.15079217148183	0
ASV159	0	14.2372211895911	0	4	0	0	0	0	0	0	0	0	0	0	0	0	0	0	0	0
ASV160	0	0	0	0	0	0	1.3432930705658	0	1.00916993027032	1.82267406038201	1.69446672012831	2.8779624080632	0.427530855871046	0	0	0	0	1.59431589537223	0	0
ASV161	0	0	0	0	0	0	0	0	0	0	0	0	2.70769542051663	0	0	1.43011844331641	0	0	3.93849021435228	0
ASV162	3.00408743557846	2.45469330855019	0	0	0	0	0	6.98827420324714	0	0	0	0	1.14008228232279	0	0	0	0	0	0	0
ASV163	0	0	0	0	0	0	0	0	2.8256758047569	2.86420209488601	0	4.02914737128848	0	0	0	0	0	0	0	0
ASV164	0	0	0	0	0	0	0	0	0	0	0	0	0	0	0	0	0	0	12.2093196644921	0
ASV165	0	0	0	0	0	0	0	0	2.22017384659471	0	1.45240004582426	0	0	4.5343347639485	2.07631837536849	0	0	0	0	0
ASV166	3.75510929447308	0	0	0	0	0	0	0	0	0	0	0	0	0	0	2.14517766497462	0	1.59431589537223	3.93849021435228	0
ASV167	0	0	0	0	0	0	0	0	2.22017384659471	1.82267406038201	1.45240004582426	0	0	0	0	0	0	0	0	0
ASV168	0	0	0	0	0	0	0	0	1.41283790237845	0	0	0	0	0	0	2.86023688663283	0	0	3.54464119291706	0
ASV169	0	4.41844795539033	0	0	0	0	0	0	0	0	0	0	0	0	0	0	0	4.7829476861167	1.96924510717614	0
ASV170	0	0	0	0	0	0	0	0	2.62384181870284	0	2.42066674304044	0	0	0	0	0	0	0	0	0
ASV171	2.25306557668385	0	0	2	0	0	0	0	0	2.34343807763401	0	0	0	2.26716738197425	0	0	0	0	0	0
ASV172	0	0	0	0	0	0	0	3.17648827420325	0	1.56229205175601	2.1786000687364	0	0	0	0	0	0	0	0	0
ASV173	0	0	0	0	0	0	0	0	1.00916993027032	0	0	0	1.42510285290349	0	0	0	0	2.65719315895372	0	0
ASV174	1.87755464723654	0	1.55101541472963	0	0	0	0	0	0	0.781146025878004	1.45240004582426	1.15118496322528	0	0	0	0	0	0	0	0
ASV175	0	0	0	0	0	0	0	0	0	0	0	0	0.712551426451743	0	0	0	0	0	5.5138863000932	0
ASV176	1.12653278834192	0	0	0	0	0	0	0	0	0	0.968266697216176	0	0.427530855871046	0	0	2.86023688663283	0	0	0	0
ASV177	0	0	0	0	0	0	0	0	1.41283790237845	0	0	0	0.855061711742092	0	0	0	0	0	1.96924510717614	0
ASV178	0	0	0	0	0	0	0	0	0	0	0	0	1.28259256761314	0	0	1.43011844331641	0	0	1.57539608574091	0
ASV179	0	0	0	0	0	0	0	0	0	0	0	0	2.28016456464558	0	0	0	0	0	0	0
ASV180	3.37959836502577	0	0	0	0	0	0	0	0	0	0	0	0.855061711742092	0	0	0	0	0	0	0
ASV181	1.12653278834192	0	0	0	0	0	1.3432930705658	0	1.81650587448658	0	0	0	0	0	0	0	0	0	0	0
ASV182	1.12653278834192	1.96375464684015	0	0	0	0	0	0	0	0	0	0	0	1.8137339055794	0	0.715059221658206	0	1.06287726358149	0	0
ASV183	0	0	0	5	0	0	0	0	0.605501958162193	1.30191004313001	0.484133348608088	0	0	0	0	0	0	0	0	0
ASV184	0	0	0	0	0	0	0	0	0	0	3.63100011456066	0	0	0	0	0	0	0	0	0
ASV185	0	0	0	0	0	0	0	0	0	0	0	0	0	0	0	0	0	0	5.5138863000932	0
ASV186	0	0	0	2	0	0	0	0	0	0	0	0	0	0	0	0	0	5.84582494969819	0	0
ASV187	0	0	0	0	0	0	5.82093663911846	0	0	0	0	0	0	0	0	0	0	0	0	0
ASV188	0	0	0	0	0	0	0	0	2.62384181870284	0	0	0	0	0	0	0	0	0	0	0
ASV189	0	0	2.06802055297284	0	0	0	0	0	0.605501958162193	0	1.21033337152022	0	0	0	0	0	0	0	0	0
ASV190	0	0	0	0	0	0	0	0	0	0	0	0	0	0	0	1.07258883248731	0	1.59431589537223	2.36309412861137	0
ASV191	4.13062022392038	0	0	0	0	0	0	0	0	0	0	0	0	0	0	0	0	0	0	0
ASV192	0	0	0	0	0	0	0	1.90589296452195	0	0	0	0	0	0	0	0	0	1.59431589537223	1.96924510717614	0
ASV193	0	0	0	0	0	0	0	0	0	0	0	0	0	4.98776824034335	0	0	0	0	0	0
ASV194	0	0	0	0	0	0	0	0	0	0	0	0	0	0	0	0	0	0	4.33233923578751	0
ASV195	0	0	0	0	0	0	0	1.2705953096813	0.605501958162193	0	0.484133348608088	0	0	0	0	0	0	0	1.18154706430568	0
ASV196	0	0	0	0	0	0	0	0	0	0	0	0	1.42510285290349	0	0	0	0	0	0	0
ASV197	0	0	0	0	0	0	0	0	0	0	0	0	0	0	0	0	0	0	0	5.12449474535166
ASV198	0	3.9275092936803	0	0	0	0	0	0	0	0	0	0	0	0	0	0	0	0	0	0
ASV199	0	0	0	2	0	0	0	0	0.807335944216258	0.520764017252002	0	0	0	0	0	0	0	0	0	0
ASV200	0	0	0	0	0	5.86537126995142	0	0	0	0	0	0	0	0	0	0	0	0	0	0
ASV201	0	0	0	0	0	0	0	0	0	0	1.93653339443235	0	0	0	0	0	0	0	0	0
ASV202	0	0	0	0	0	0	0	0	0	0	0	0	0	0	0	0	0	0	3.15079217148183	0
ASV203	0	3.43657063197026	0	0	0	0	0	0	0	0	0	0	0	0	0	0	0	0	0	0
ASV204	1.50204371778923	0	0	0	0	0	0	0	0	0	0	0	0.285020570580697	0	0	0	0	0	0	0
ASV205	0	0	0	0	0	0	0	3.8117859290439	0	0	0	0	0	0	0	0	0	0	0	0
ASV206	0	0	0	0	0	0	0	0	1.00916993027032	0	0	0	0	0	0	0	0	0	0	0
ASV207	0	0	0	0	0	0	0	0	0	0	1.21033337152022	0	0	0	0	0	0	0	0	0
ASV208	0	0	0	0	0	0	0	0	0	0	0	0	0.712551426451743	0	0	0	0	0	0	0
ASV209	0	0	0	0	0	0	0	0	0	0	0	0	0.712551426451743	0	0	0	0	0	0	0
ASV210	0	0	0	0	0	0	0	0	0	0	0	0	0	0	0	0	0	0	1.96924510717614	0
ASV211	0	0	0	0	0	0	0	0	0	0	0	0	0	0	0	0	0	0	1.96924510717614	0
ASV212	1.50204371778923	0	0	0	0	0	0	0	0	0	0	0	0	0	0	0	0	0	0	0
ASV213	0	1.96375464684015	0	0	0	0	0	0	0	0	0	0	0	0	0	0	0	0	0	0
ASV214	0	0	0	4	0	0	0	0	0	0	0	0	0	0	0	0	0	0	0	0
ASV215	0	0	0	0	0	2.93268563497571	0	0	0	0	0	0	0	0	0	0	0	0	0	0
ASV216	0	0	0	0	0	0	0	0	0	0	0	0	0.570041141161395	0	0	0	0	0	0	0
ASV217	0	0	0	0	0	0	0	0	0	0	0	0	0.570041141161395	0	0	0	0	0	0	0
ASV218	0	0	0	0	0	0	0	0	0	0	0	0	0	1.8137339055794	0	0	0	0	0	0
ASV219	0	0	0	0	0	0	0	0	0	0	0	0	0	0	0	0	0	0	1.57539608574091	0
ASV220	0	0	0	0	0	0	1.3432930705658	0	0	0	0	0	0	0	0	0	0	0	0	0
ASV221	0	0	0	0	0	0	0	0	0.605501958162193	0	0	0	0	0	0	0	0	0	0	0
ASV222	0	0	0	0	0	0	0	0	0	0.520764017252002	0	0	0	0	0	0	0	0	0	0
ASV223	0	0	0	0	0	0	0	0	0	0	0	0	0	0.9068669527897	0	0	0	0	0	0
